Rep0

Winner id	Valuation	Bid	Surplus

17	28.498104379577814	26.0	2.498104379577814

20	28.354322753874882	26.0	2.3543227538748823

15	31.197257228549827	26.0	5.197257228549827

27	27.174452481820502	24.0	3.174452481820502

3	30.652958156841947	24.0	6.652958156841947


Rep1

Winner id	Valuation	Bid	Surplus

15	31.197257228549827	26.0	5.197257228549827

20	28.354322753874882	24.0	4.354322753874882

17	28.498104379577814	24.0	4.498104379577814

3	30.652958156841947	24.0	6.652958156841947

27	27.174452481820502	24.0	3.174452481820502


Rep2

Winner id	Valuation	Bid	Surplus

3	30.652958156841947	26.0	4.652958156841947

17	28.498104379577814	26.0	2.498104379577814

15	31.197257228549827	26.0	5.197257228549827

20	28.354322753874882	26.0	2.3543227538748823

27	27.174452481820502	26.0	1.1744524818205022


Rep3

Winner id	Valuation	Bid	Surplus

27	27.174452481820502	26.0	1.1744524818205022

17	28.498104379577814	26.0	2.498104379577814

15	31.197257228549827	26.0	5.197257228549827

3	30.652958156841947	24.0	6.652958156841947

20	28.354322753874882	24.0	4.354322753874882


Rep4

Winner id	Valuation	Bid	Surplus

17	28.498104379577814	26.0	2.498104379577814

3	30.652958156841947	26.0	4.652958156841947

27	27.174452481820502	26.0	1.1744524818205022

20	28.354322753874882	26.0	2.3543227538748823

15	31.197257228549827	26.0	5.197257228549827


Rep5

Winner id	Valuation	Bid	Surplus

15	31.197257228549827	26.0	5.197257228549827

27	27.174452481820502	26.0	1.1744524818205022

20	28.354322753874882	26.0	2.3543227538748823

17	28.498104379577814	26.0	2.498104379577814

3	30.652958156841947	26.0	4.652958156841947


Rep6

Winner id	Valuation	Bid	Surplus

27	27.174452481820502	26.0	1.1744524818205022

15	31.197257228549827	26.0	5.197257228549827

17	28.498104379577814	26.0	2.498104379577814

3	30.652958156841947	26.0	4.652958156841947

20	28.354322753874882	24.0	4.354322753874882


Rep7

Winner id	Valuation	Bid	Surplus

20	28.354322753874882	26.0	2.3543227538748823

3	30.652958156841947	24.0	6.652958156841947

27	27.174452481820502	24.0	3.174452481820502

17	28.498104379577814	24.0	4.498104379577814

15	31.197257228549827	24.0	7.197257228549827


Rep8

Winner id	Valuation	Bid	Surplus

27	27.174452481820502	27.0	0.17445248182050221

20	28.354322753874882	26.0	2.3543227538748823

15	31.197257228549827	26.0	5.197257228549827

17	28.498104379577814	26.0	2.498104379577814

3	30.652958156841947	26.0	4.652958156841947


Rep9

Winner id	Valuation	Bid	Surplus

3	30.652958156841947	26.0	4.652958156841947

17	28.498104379577814	26.0	2.498104379577814

27	27.174452481820502	26.0	1.1744524818205022

20	28.354322753874882	26.0	2.3543227538748823

15	31.197257228549827	25.0	6.197257228549827


Rep10

Winner id	Valuation	Bid	Surplus

17	28.498104379577814	26.0	2.498104379577814

20	28.354322753874882	24.0	4.354322753874882

3	30.652958156841947	24.0	6.652958156841947

15	31.197257228549827	24.0	7.197257228549827

27	27.174452481820502	24.0	3.174452481820502


Rep11

Winner id	Valuation	Bid	Surplus

3	30.652958156841947	26.0	4.652958156841947

17	28.498104379577814	26.0	2.498104379577814

15	31.197257228549827	26.0	5.197257228549827

20	28.354322753874882	26.0	2.3543227538748823

27	27.174452481820502	24.0	3.174452481820502


Rep12

Winner id	Valuation	Bid	Surplus

15	31.197257228549827	26.0	5.197257228549827

27	27.174452481820502	26.0	1.1744524818205022

3	30.652958156841947	26.0	4.652958156841947

20	28.354322753874882	26.0	2.3543227538748823

17	28.498104379577814	26.0	2.498104379577814


Rep13

Winner id	Valuation	Bid	Surplus

17	28.498104379577814	26.0	2.498104379577814

15	31.197257228549827	26.0	5.197257228549827

3	30.652958156841947	26.0	4.652958156841947

27	27.174452481820502	26.0	1.1744524818205022

20	28.354322753874882	24.0	4.354322753874882


Rep14

Winner id	Valuation	Bid	Surplus

20	28.354322753874882	25.0	3.3543227538748823

3	30.652958156841947	24.0	6.652958156841947

17	28.498104379577814	24.0	4.498104379577814

15	31.197257228549827	24.0	7.197257228549827

27	27.174452481820502	24.0	3.174452481820502


Rep15

Winner id	Valuation	Bid	Surplus

3	30.652958156841947	26.0	4.652958156841947

20	28.354322753874882	26.0	2.3543227538748823

17	28.498104379577814	26.0	2.498104379577814

15	31.197257228549827	26.0	5.197257228549827

27	27.174452481820502	24.0	3.174452481820502


Rep16

Winner id	Valuation	Bid	Surplus

15	31.197257228549827	26.0	5.197257228549827

17	28.498104379577814	26.0	2.498104379577814

20	28.354322753874882	26.0	2.3543227538748823

27	27.174452481820502	26.0	1.1744524818205022

3	30.652958156841947	24.0	6.652958156841947


Rep17

Winner id	Valuation	Bid	Surplus

20	28.354322753874882	24.0	4.354322753874882

27	27.174452481820502	24.0	3.174452481820502

17	28.498104379577814	24.0	4.498104379577814

3	30.652958156841947	24.0	6.652958156841947

15	31.197257228549827	24.0	7.197257228549827


Rep18

Winner id	Valuation	Bid	Surplus

27	27.174452481820502	26.0	1.1744524818205022

3	30.652958156841947	24.0	6.652958156841947

20	28.354322753874882	24.0	4.354322753874882

17	28.498104379577814	24.0	4.498104379577814

15	31.197257228549827	24.0	7.197257228549827


Rep19

Winner id	Valuation	Bid	Surplus

27	27.174452481820502	27.0	0.17445248182050221

20	28.354322753874882	26.0	2.3543227538748823

3	30.652958156841947	26.0	4.652958156841947

17	28.498104379577814	26.0	2.498104379577814

15	31.197257228549827	25.0	6.197257228549827



Done

