Rep0

Winner id	Valuation	Bid	Surplus

9	28.97716956896279	26.0	2.9771695689627897

14	28.92561842139617	26.0	2.9256184213961696

22	27.758228138897753	24.0	3.7582281388977528

26	28.867127297040675	24.0	4.867127297040675

23	27.829773340529663	24.0	3.8297733405296626


Rep1

Winner id	Valuation	Bid	Surplus

14	28.92561842139617	26.0	2.9256184213961696

9	28.97716956896279	26.0	2.9771695689627897

23	27.829773340529663	26.0	1.8297733405296626

22	27.758228138897753	25.0	2.7582281388977528

26	28.867127297040675	24.0	4.867127297040675


Rep2

Winner id	Valuation	Bid	Surplus

23	27.829773340529663	26.0	1.8297733405296626

22	27.758228138897753	26.0	1.7582281388977528

26	28.867127297040675	25.0	3.8671272970406747

9	28.97716956896279	24.0	4.97716956896279

14	28.92561842139617	24.0	4.92561842139617


Rep3

Winner id	Valuation	Bid	Surplus

23	27.829773340529663	26.0	1.8297733405296626

14	28.92561842139617	26.0	2.9256184213961696

26	28.867127297040675	24.0	4.867127297040675

22	27.758228138897753	24.0	3.7582281388977528

9	28.97716956896279	24.0	4.97716956896279


Rep4

Winner id	Valuation	Bid	Surplus

22	27.758228138897753	26.0	1.7582281388977528

26	28.867127297040675	26.0	2.8671272970406747

14	28.92561842139617	25.0	3.9256184213961696

9	28.97716956896279	24.0	4.97716956896279

23	27.829773340529663	24.0	3.8297733405296626


Rep5

Winner id	Valuation	Bid	Surplus

14	28.92561842139617	26.0	2.9256184213961696

26	28.867127297040675	26.0	2.8671272970406747

23	27.829773340529663	26.0	1.8297733405296626

9	28.97716956896279	26.0	2.9771695689627897

22	27.758228138897753	26.0	1.7582281388977528


Rep6

Winner id	Valuation	Bid	Surplus

23	27.829773340529663	26.0	1.8297733405296626

26	28.867127297040675	25.0	3.8671272970406747

9	28.97716956896279	24.0	4.97716956896279

22	27.758228138897753	24.0	3.7582281388977528

14	28.92561842139617	24.0	4.92561842139617


Rep7

Winner id	Valuation	Bid	Surplus

23	27.829773340529663	26.0	1.8297733405296626

14	28.92561842139617	24.0	4.92561842139617

26	28.867127297040675	24.0	4.867127297040675

22	27.758228138897753	24.0	3.7582281388977528

9	28.97716956896279	24.0	4.97716956896279


Rep8

Winner id	Valuation	Bid	Surplus

26	28.867127297040675	26.0	2.8671272970406747

9	28.97716956896279	24.0	4.97716956896279

23	27.829773340529663	24.0	3.8297733405296626

22	27.758228138897753	24.0	3.7582281388977528

14	28.92561842139617	24.0	4.92561842139617


Rep9

Winner id	Valuation	Bid	Surplus

23	27.829773340529663	26.0	1.8297733405296626

22	27.758228138897753	26.0	1.7582281388977528

14	28.92561842139617	26.0	2.9256184213961696

26	28.867127297040675	26.0	2.8671272970406747

9	28.97716956896279	26.0	2.9771695689627897


Rep10

Winner id	Valuation	Bid	Surplus

23	27.829773340529663	24.0	3.8297733405296626

22	27.758228138897753	24.0	3.7582281388977528

14	28.92561842139617	24.0	4.92561842139617

9	28.97716956896279	24.0	4.97716956896279

26	28.867127297040675	24.0	4.867127297040675


Rep11

Winner id	Valuation	Bid	Surplus

22	27.758228138897753	26.0	1.7582281388977528

23	27.829773340529663	26.0	1.8297733405296626

26	28.867127297040675	26.0	2.8671272970406747

14	28.92561842139617	24.0	4.92561842139617

9	28.97716956896279	24.0	4.97716956896279


Rep12

Winner id	Valuation	Bid	Surplus

26	28.867127297040675	26.0	2.8671272970406747

9	28.97716956896279	26.0	2.9771695689627897

22	27.758228138897753	26.0	1.7582281388977528

14	28.92561842139617	26.0	2.9256184213961696

23	27.829773340529663	25.0	2.8297733405296626


Rep13

Winner id	Valuation	Bid	Surplus

9	28.97716956896279	26.0	2.9771695689627897

22	27.758228138897753	26.0	1.7582281388977528

26	28.867127297040675	26.0	2.8671272970406747

14	28.92561842139617	26.0	2.9256184213961696

23	27.829773340529663	24.0	3.8297733405296626


Rep14

Winner id	Valuation	Bid	Surplus

14	28.92561842139617	26.0	2.9256184213961696

26	28.867127297040675	26.0	2.8671272970406747

22	27.758228138897753	26.0	1.7582281388977528

23	27.829773340529663	26.0	1.8297733405296626

9	28.97716956896279	24.0	4.97716956896279


Rep15

Winner id	Valuation	Bid	Surplus

14	28.92561842139617	26.0	2.9256184213961696

26	28.867127297040675	26.0	2.8671272970406747

23	27.829773340529663	26.0	1.8297733405296626

22	27.758228138897753	26.0	1.7582281388977528

9	28.97716956896279	24.0	4.97716956896279


Rep16

Winner id	Valuation	Bid	Surplus

14	28.92561842139617	26.0	2.9256184213961696

22	27.758228138897753	26.0	1.7582281388977528

26	28.867127297040675	26.0	2.8671272970406747

9	28.97716956896279	25.0	3.9771695689627897

23	27.829773340529663	24.0	3.8297733405296626


Rep17

Winner id	Valuation	Bid	Surplus

22	27.758228138897753	26.0	1.7582281388977528

26	28.867127297040675	26.0	2.8671272970406747

14	28.92561842139617	26.0	2.9256184213961696

23	27.829773340529663	24.0	3.8297733405296626

9	28.97716956896279	24.0	4.97716956896279


Rep18

Winner id	Valuation	Bid	Surplus

26	28.867127297040675	26.0	2.8671272970406747

23	27.829773340529663	26.0	1.8297733405296626

22	27.758228138897753	26.0	1.7582281388977528

14	28.92561842139617	26.0	2.9256184213961696

9	28.97716956896279	26.0	2.9771695689627897


Rep19

Winner id	Valuation	Bid	Surplus

9	28.97716956896279	24.0	4.97716956896279

14	28.92561842139617	24.0	4.92561842139617

22	27.758228138897753	24.0	3.7582281388977528

26	28.867127297040675	24.0	4.867127297040675

23	27.829773340529663	24.0	3.8297733405296626



Done

