Rep0

Winner id	Valuation	Bid	Surplus

4	95.7926806782151	95.0	0.7926806782151061

14	95.16528289628278	95.0	0.16528289628277548

44	96.4331891919626	93.0	3.4331891919625974

9	95.39726306033256	90.0	5.397263060332563

23	90.23398003238349	90.0	0.23398003238348508


Rep1

Winner id	Valuation	Bid	Surplus

9	95.39726306033256	90.0	5.397263060332563

23	90.23398003238349	90.0	0.23398003238348508

14	95.16528289628278	90.0	5.1652828962827755

4	95.7926806782151	90.0	5.792680678215106

32	91.18787243753977	90.0	1.1878724375397667


Rep2

Winner id	Valuation	Bid	Surplus

9	95.39726306033256	95.0	0.39726306033256265

4	95.7926806782151	95.0	0.7926806782151061

14	95.16528289628278	95.0	0.16528289628277548

44	96.4331891919626	93.0	3.4331891919625974

23	90.23398003238349	90.0	0.23398003238348508


Rep3

Winner id	Valuation	Bid	Surplus

4	95.7926806782151	95.0	0.7926806782151061

23	90.23398003238349	90.0	0.23398003238348508

9	95.39726306033256	90.0	5.397263060332563

26	94.90207283668305	90.0	4.902072836683047

14	95.16528289628278	90.0	5.1652828962827755


Rep4

Winner id	Valuation	Bid	Surplus

4	95.7926806782151	95.0	0.7926806782151061

9	95.39726306033256	95.0	0.39726306033256265

23	90.23398003238349	90.0	0.23398003238348508

14	95.16528289628278	90.0	5.1652828962827755

32	91.18787243753977	90.0	1.1878724375397667


Rep5

Winner id	Valuation	Bid	Surplus

4	95.7926806782151	95.0	0.7926806782151061

14	95.16528289628278	90.0	5.1652828962827755

32	91.18787243753977	90.0	1.1878724375397667

26	94.90207283668305	90.0	4.902072836683047

9	95.39726306033256	90.0	5.397263060332563


Rep6

Winner id	Valuation	Bid	Surplus

9	95.39726306033256	95.0	0.39726306033256265

14	95.16528289628278	95.0	0.16528289628277548

44	96.4331891919626	93.0	3.4331891919625974

41	94.34692342690917	90.0	4.346923426909171

4	95.7926806782151	90.0	5.792680678215106


Rep7

Winner id	Valuation	Bid	Surplus

4	95.7926806782151	95.0	0.7926806782151061

14	95.16528289628278	95.0	0.16528289628277548

9	95.39726306033256	95.0	0.39726306033256265

44	96.4331891919626	93.0	3.4331891919625974

41	94.34692342690917	90.0	4.346923426909171


Rep8

Winner id	Valuation	Bid	Surplus

14	95.16528289628278	95.0	0.16528289628277548

4	95.7926806782151	95.0	0.7926806782151061

9	95.39726306033256	95.0	0.39726306033256265

44	96.4331891919626	93.0	3.4331891919625974

23	90.23398003238349	90.0	0.23398003238348508


Rep9

Winner id	Valuation	Bid	Surplus

9	95.39726306033256	95.0	0.39726306033256265

14	95.16528289628278	95.0	0.16528289628277548

44	96.4331891919626	93.0	3.4331891919625974

26	94.90207283668305	90.0	4.902072836683047

4	95.7926806782151	90.0	5.792680678215106


Rep10

Winner id	Valuation	Bid	Surplus

4	95.7926806782151	95.0	0.7926806782151061

9	95.39726306033256	95.0	0.39726306033256265

44	96.4331891919626	93.0	3.4331891919625974

23	90.23398003238349	90.0	0.23398003238348508

14	95.16528289628278	90.0	5.1652828962827755


Rep11

Winner id	Valuation	Bid	Surplus

14	95.16528289628278	95.0	0.16528289628277548

4	95.7926806782151	95.0	0.7926806782151061

44	96.4331891919626	93.0	3.4331891919625974

9	95.39726306033256	90.0	5.397263060332563

41	94.34692342690917	90.0	4.346923426909171


Rep12

Winner id	Valuation	Bid	Surplus

9	95.39726306033256	95.0	0.39726306033256265

4	95.7926806782151	95.0	0.7926806782151061

44	96.4331891919626	93.0	3.4331891919625974

26	94.90207283668305	90.0	4.902072836683047

14	95.16528289628278	90.0	5.1652828962827755


Rep13

Winner id	Valuation	Bid	Surplus

9	95.39726306033256	95.0	0.39726306033256265

4	95.7926806782151	95.0	0.7926806782151061

44	96.4331891919626	93.0	3.4331891919625974

32	91.18787243753977	90.0	1.1878724375397667

14	95.16528289628278	90.0	5.1652828962827755


Rep14

Winner id	Valuation	Bid	Surplus

9	95.39726306033256	95.0	0.39726306033256265

4	95.7926806782151	95.0	0.7926806782151061

44	96.4331891919626	93.0	3.4331891919625974

41	94.34692342690917	90.0	4.346923426909171

14	95.16528289628278	90.0	5.1652828962827755


Rep15

Winner id	Valuation	Bid	Surplus

4	95.7926806782151	95.0	0.7926806782151061

14	95.16528289628278	95.0	0.16528289628277548

32	91.18787243753977	90.0	1.1878724375397667

41	94.34692342690917	90.0	4.346923426909171

9	95.39726306033256	90.0	5.397263060332563


Rep16

Winner id	Valuation	Bid	Surplus

14	95.16528289628278	95.0	0.16528289628277548

44	96.4331891919626	93.0	3.4331891919625974

9	95.39726306033256	90.0	5.397263060332563

41	94.34692342690917	90.0	4.346923426909171

4	95.7926806782151	90.0	5.792680678215106


Rep17

Winner id	Valuation	Bid	Surplus

14	95.16528289628278	95.0	0.16528289628277548

44	96.4331891919626	93.0	3.4331891919625974

4	95.7926806782151	90.0	5.792680678215106

9	95.39726306033256	90.0	5.397263060332563

26	94.90207283668305	90.0	4.902072836683047


Rep18

Winner id	Valuation	Bid	Surplus

44	96.4331891919626	93.0	3.4331891919625974

23	90.23398003238349	90.0	0.23398003238348508

14	95.16528289628278	90.0	5.1652828962827755

4	95.7926806782151	90.0	5.792680678215106

9	95.39726306033256	90.0	5.397263060332563


Rep19

Winner id	Valuation	Bid	Surplus

14	95.16528289628278	95.0	0.16528289628277548

4	95.7926806782151	95.0	0.7926806782151061

9	95.39726306033256	95.0	0.39726306033256265

44	96.4331891919626	93.0	3.4331891919625974

32	91.18787243753977	90.0	1.1878724375397667


Rep20

Winner id	Valuation	Bid	Surplus

14	95.16528289628278	95.0	0.16528289628277548

4	95.7926806782151	95.0	0.7926806782151061

9	95.39726306033256	95.0	0.39726306033256265

44	96.4331891919626	93.0	3.4331891919625974

26	94.90207283668305	90.0	4.902072836683047


Rep21

Winner id	Valuation	Bid	Surplus

4	95.7926806782151	95.0	0.7926806782151061

14	95.16528289628278	95.0	0.16528289628277548

44	96.4331891919626	93.0	3.4331891919625974

23	90.23398003238349	90.0	0.23398003238348508

9	95.39726306033256	90.0	5.397263060332563


Rep22

Winner id	Valuation	Bid	Surplus

14	95.16528289628278	95.0	0.16528289628277548

9	95.39726306033256	95.0	0.39726306033256265

44	96.4331891919626	93.0	3.4331891919625974

4	95.7926806782151	90.0	5.792680678215106

41	94.34692342690917	90.0	4.346923426909171


Rep23

Winner id	Valuation	Bid	Surplus

9	95.39726306033256	95.0	0.39726306033256265

4	95.7926806782151	90.0	5.792680678215106

14	95.16528289628278	90.0	5.1652828962827755

23	90.23398003238349	90.0	0.23398003238348508

41	94.34692342690917	90.0	4.346923426909171


Rep24

Winner id	Valuation	Bid	Surplus

4	95.7926806782151	95.0	0.7926806782151061

14	95.16528289628278	95.0	0.16528289628277548

9	95.39726306033256	95.0	0.39726306033256265

44	96.4331891919626	93.0	3.4331891919625974

41	94.34692342690917	90.0	4.346923426909171


Rep25

Winner id	Valuation	Bid	Surplus

44	96.4331891919626	93.0	3.4331891919625974

41	94.34692342690917	90.0	4.346923426909171

9	95.39726306033256	90.0	5.397263060332563

14	95.16528289628278	90.0	5.1652828962827755

4	95.7926806782151	90.0	5.792680678215106


Rep26

Winner id	Valuation	Bid	Surplus

9	95.39726306033256	95.0	0.39726306033256265

4	95.7926806782151	95.0	0.7926806782151061

14	95.16528289628278	95.0	0.16528289628277548

44	96.4331891919626	93.0	3.4331891919625974

32	91.18787243753977	90.0	1.1878724375397667


Rep27

Winner id	Valuation	Bid	Surplus

44	96.4331891919626	93.0	3.4331891919625974

23	90.23398003238349	90.0	0.23398003238348508

9	95.39726306033256	90.0	5.397263060332563

14	95.16528289628278	90.0	5.1652828962827755

4	95.7926806782151	90.0	5.792680678215106


Rep28

Winner id	Valuation	Bid	Surplus

44	96.4331891919626	93.0	3.4331891919625974

9	95.39726306033256	90.0	5.397263060332563

4	95.7926806782151	90.0	5.792680678215106

14	95.16528289628278	90.0	5.1652828962827755

41	94.34692342690917	90.0	4.346923426909171


Rep29

Winner id	Valuation	Bid	Surplus

14	95.16528289628278	95.0	0.16528289628277548

9	95.39726306033256	95.0	0.39726306033256265

4	95.7926806782151	95.0	0.7926806782151061

44	96.4331891919626	93.0	3.4331891919625974

26	94.90207283668305	90.0	4.902072836683047



Done

